1.0
0.2974910394265233
0.16666666666666666
0.2
0.5789473684210527
1.0
1.0
1.0
1.0
1.0
1.0
0.23695260947810437
1.0
0.8076923076923077
1.0
0.45
0.32608695652173914
0.6666666666666666
0.6666666666666666
1.0
0.21774193548387097
1.0
1.0
1.0
0.9905454545454545
0.06451612903225806
0.5
0.32
1.0
0.739803094233474
0.029850746268656716
1.0
1.0
1.0
1.0
0.18518518518518517
0.4500482625482625
0.018452803406671398
1.0
0.6666666666666666
1.0
1.0
0.13400335008375208
0.27134146341463417
0.5
1.0
0.36280884265279584
1.0
0.08085106382978724
1.0
0.06196901549225387
0.5
1.0
0.5
1.0
0.9090909090909091
0.14814814814814814
0.5
1.0
0.125
1.0
0.7391304347826086
0.16666666666666666
1.0
1.0
0.5
1.0
1.0
0.9121405750798722
0.11377245508982035
0.18181818181818182
1.0
0.6753731343283582
0.2
0.72
1.0
0.14285714285714285
0.2222222222222222
0.07766990291262135
1.0
1.0
0.3328173374613003
0.19111111111111112
0.36363636363636365
1.0
1.0
0.04316546762589928
0.6036446469248291
1.0
0.875
0.2936708860759494
0.6589861751152074
0.7352941176470589
1.0
1.0
0.040339702760084924
0.4444444444444444
1.0
1.0
0.2857142857142857
0.825
1.0
1.0
1.0
0.7910685805422647
1.0
0.5833333333333334
0.26345291479820626
1.0
0.5949367088607594
1.0
1.0
1.0
0.25333333333333335
1.0
1.0
0.1111111111111111
1.0
0.39622641509433965
0.44
1.0
0.152317880794702
0.5357142857142857
0.43427051671732525
0.5
0.6592592592592592
1.0
0.1346153846153846
1.0
1.0
1.0
0.28378378378378377
0.25
1.0
0.0959902794653706
0.12698412698412698
1.0
1.0
1.0
1.0
1.0
0.5531914893617021
0.6666666666666666
1.0
0.46320346320346323
0.23548387096774193
1.0
0.25
0.1553398058252427
1.0
0.485
0.8372093023255814
1.0
1.0
0.4838709677419355
0.10004203446826397
1.0
1.0
0.042971783587885067
0.07135934875306887
0.08190476190476191
1.0
0.029850746268656716
1.0
1.0
1.0
0.5
1.0
1.0
1.0
0.13043478260869565
0.3333333333333333
1.0
0.36363636363636365
0.2222222222222222
0.9
0.7142857142857143
0.371868978805395
1.0
1.0
1.0
1.0
0.9411764705882353
1.0
1.0
0.11476793248945148
0.8488372093023255
1.0
0.7391304347826086
0.29411764705882354
0.7967741935483871
1.0
1.0
0.8100558659217877
1.0
0.6666666666666666
1.0
0.5
0.25018181818181817
0.35
1.0
0.23991726990692863
1.0
0.7714285714285715
1.0
1.0
0.23333333333333334
0.13725490196078433
0.8672566371681416
1.0
1.0
0.7777777777777778
0.24100156494522693
1.0
0.06442953020134229
0.8
1.0
1.0
1.0
1.0
0.027439024390243903
0.7101449275362319
0.07142857142857142
0.6306306306306306
1.0
0.5641711229946524
1.0
0.06705783738474434
0.8571428571428571
0.5226266601082145
0.1
0.5754716981132075
0.02702702702702703
0.22857142857142856
1.0
1.0
0.22857142857142856
0.7804295942720764
0.16180020692033567
1.0
0.8359375
1.0
1.0
0.16666666666666666
0.724198250728863
1.0
1.0
0.5
0.5
0.14285714285714285
0.19510624597553122
0.8
